
Previsoes em Valores Continuos : 
 = [0.02462374 0.01207179 0.98458165 0.9968424  0.84170103 0.09456763
 0.568579   0.47320718 0.95541734 0.9659779  0.3687     0.00553624
 0.9729053  0.9917998  0.06575855 0.98162156 0.13307422 0.17609672
 0.05412843 0.0148851  0.8972847  0.2345435  0.6021466  0.00677348
 0.11313364 0.35413507 0.54201496 0.04760959 0.5908121  0.01688973
 0.00861372 0.00684873 0.71376145 0.02208533 0.95321107 0.99698216
 0.22052461 0.96546245 0.7372647  0.57904756 0.11642854 0.99628484
 0.03541021 0.05850364 0.02293954 0.12739062 0.35000136 0.9953745
 0.01262113 0.98188615 0.9972836  0.19507945 0.9702635  0.97530365
 0.03267229 0.93484694 0.22015989 0.1355356  0.8218036  0.9319939
 0.26519087]

Previsoes em 0 ou 1 : 
 = [0 0 1 1 1 0 1 0 1 1 0 0 1 1 0 1 0 0 0 0 1 0 1 0 0 0 1 0 1 0 0 0 1 0 1 1 0
 1 1 1 0 1 0 0 0 0 0 1 0 1 1 0 1 1 0 1 0 0 1 1 0]

A Acuracia do Modelo : 80.33%
